AAV162_ElectricFuelPumpVol2 = [0
0
0
0
0
0
0
0
0
0
0
0
0
0
0
0
0
0
0
0
0
0
0
0
0
0
0
0
0
0
0
0
0
0
0
0
0
0
0
0
0
0
0
0
0
0
0
0
0
0
0
0
0
0
0
0
0
0
0
0
0
0
0
0
0
24.48
22.56
13.92
8.64
0
0
0
0
0
0
0
0
24.64
24.96
25.12
25.28
25.44
25.6
25.6
25.92
26.24
26.24
26.4
26.4
26.08
25.76
25.44
25.76
26.08
26.4
26.4
26.56
26.56
26.56
26.24
20
12.32
7.52
4.64
2.88
1.76
1.12
0
0
3.36
11.52
16.32
19.36
20
20.96
22.08
22.88
23.52
24
24.32
24.64
24.96
25.28
25.6
25.92
25.6
25.28
24.8
24.48
24.16
18.4
11.36
7.04
4.32
2.72
1.6
0.96
0.64
0.32
0
9.12
14.88
17.92
19.36
20.96
22.24
23.2
23.84
24.32
24.8
25.12
25.44
25.92
26.24
26.56
26.24
17.6
10.88
6.72
4.16
2.56
1.6
0.96
0.48
0.16
3.68
11.52
16.48
19.36
19.84
20.96
22.08
23.04
23.68
24.16
24.48
24.8
25.12
25.44
25.76
26.08
26.4
25.92
25.6
25.28
16.48
10.08
6.24
3.84
2.4
8.64
14.88
18.56
19.52
20.48
20.96
21.28
22.08
19.04
11.84
7.2
4.48
11.52
16.32
19.36
21.12
20.8
21.12
21.76
22.4
22.88
23.2
23.52
22.72
22.08
21.76
22.24
22.72
23.04
18.24
11.2
6.88
4.32
2.56
1.6
4.8
12.16
16.8
19.52
19.84
20.96
22.08
22.88
23.52
24
24.32
24.64
24.96
25.28
25.6
25.92
26.24
18.24
11.2
6.88
4.32
2.56
1.6
0.96
0.64
0.32
0
2.88
11.2
16.16
19.04
19.84
21.28
22.4
23.2
23.84
24.32
24.64
25.12
25.44
25.76
26.08
26.4
25.28
15.52
9.6
5.92
3.68
2.24
1.28
0.8
0.48
0.16
8
14.24
18.08
20.48
13.44
8.32
5.12
3.2
1.92
1.12
0.64
0.32
0
7.2
13.76
17.76
19.84
20.16
21.28
22.24
23.2
23.84
24.32
24.64
24.96
25.28
25.76
26.08
16.32
10.08
6.24
3.84
2.4
1.44
0.8
0.48
0.16
9.12
14.88
18.4
19.36
20.64
21.92
22.88
23.52
24
24.32
24.64
24.96
25.28
25.6
25.92
26.24
20.48
12.64
7.84
4.8
2.88
1.76
1.12
0.64
0.32
0
8.8
14.72
17.44
19.04
20.64
21.92
22.88
23.68
24.16
24.8
25.12
25.44
25.76
26.08
26.4
21.76
13.44
8.32
5.12
3.2
1.92
1.12
0.64
0.32
0
5.28
12.48
16.96
18.56
20
21.28
22.4
23.2
23.84
24.16
24.8
25.12
25.44
25.76
26.08
25.76
20.64
12.8
7.84
4.8
3.04
1.76
1.12
0.64
0.32
0
0
3.04
11.04
16
18.88
19.52
20.8
21.92
22.88
23.52
24
24.32
24.64
24.96
25.28
25.6
25.92
26.24
19.2
11.84
7.36
4.48
2.72
1.76
0.96
0.64
0.32
0
8
14.4
17.12
19.2
20.96
22.4
23.36
24.16
24.64
24.96
25.28
25.6
25.92
26.24
26.56
26.08
25.76
26.08
21.6
13.28
8.16
5.12
3.04
1.92
1.12
0.64
0.32
0
0
0
9.12
14.72
17.92
18.72
20.32
21.76
22.72
23.36
24
24.32
24.8
25.12
25.44
25.76
26.08
26.4
26.08
26.24
26.56
26.24
16.8
10.24
6.4
3.84
2.4
1.44
0.8
0.48
0.16
2.72
24.8
25.12
25.44
25.76
26.08
25.76
25.44
25.12
25.44
25.6
25.92
25.6
25.92
26.24
26.56
26.72
26.72
26.4
24.64
15.2
9.44
5.76
3.52
2.24
1.28
0.8
0
26.4
26.4
26.72
26.72
26.72
26.72
26.72
26.72
26.72
26.72
26.72
26.72
26.72
26.4
26.4
16.32
10.08
6.24
3.84
2.4
1.44
26.08
25.76
25.44
25.12
25.6
25.92
26.24
25.76
25.44
25.76
26.08
25.76
26.08
25.76
25.44
25.12
25.44
25.76
26.08
25.6
25.28
24.8
25.28
25.6
25.92
26.24
25.76
26.08
25.6
25.28
24.96
25.28
25.6
25.92
25.6
25.28
25.6
26.08
25.76
25.44
25.76
26.08
25.76
25.44
25.12
25.6
25.92
18.88
14.08
18.24
20.8
22.24
23.04
16.8
10.4
9.76
15.36
18.88
20.96
21.44
22.24
22.88
23.36
23.68
24
24.32
24.64
24.96
25.28
25.6
25.92
26.24
18.56
11.36
7.04
4.32
2.56
0
0
0
0
24.8
25.12
25.44
25.76
25.44
25.76
26.08
26.4
26.24
26.4
26.4
20
12.32
7.52
0
25.28
25.6
25.28
24.96
25.28
25.6
25.92
25.6
25.92
26.24
26.56
26.72
26.72
26.72
26.72
26.72
26.56
25.76
25.28
24.96
24.64
24.32
0
24.32
21.6
13.28
8.16
5.12
0
0
0
0
0
0
0
0
0
0
0
0
0
0
0
0
0
0
0
0
0
0
0
0
0
0
0
0
0
0
0
0
0
0
0
0
0
0
25.12
25.6
25.92
26.24
25.76
25.44
25.12
25.44
25.12
24.8
25.12
25.44
25.76
26.08
26.4
26.08
25.76
26.08
26.24
26.24
26.56
26.56
26.24
26.56
26.24
26.56
26.24
25.76
25.44
25.76
24.8
24.48
24.16
23.84
24.16
24.48
24.96
25.28
25.6
25.92
25.44
25.12
25.44
25.12
25.44
25.92
24.96
24.48
24.16
24.64
24.96
25.28
25.6
25.92
26.24
26.56
26.56
26.24
26.56
26.24
26.56
26.4
24.48
15.2
9.28
5.76
3.52
2.24
1.28
0.8
0.48
25.6
25.28
25.6
25.28
24.96
24.64
24.96
25.44
25.92
26.24
25.92
26.24
26.56
26.56
26.56
26.56
26.24
25.92
25.44
25.76
26.08
26.4
26.4
26.08
26.4
25.76
26.08
26.4
26.08
26.4
25.92
26.24
17.28
10.56
6.56
4
0
26.4
25.6
24.64
24.16
24.48
24.8
25.12
25.6
25.92
26.24
26.56
26.08
26.4
25.76
25.28
25.6
25.92
26.24
26.56
26.24
26.56
26.24
26.24
26.56
26.56
26.24
25.76
26.08
26.4
18.56
11.52
7.04
4.32
2.72
1.6
26.4
22.08
13.44
8.32
5.12
3.04
1.92
0
25.28
21.76
13.44
8.32
5.12
3.2
1.92
1.12
0.64
25.28
25.6
25.92
26.24
26.56
25.92
25.6
25.92
26.24
18.4
11.36
7.04
0
26.24
25.76
25.44
25.76
26.08
26.4
25.92
26.24
26.56
26.24
26.56
26.24
18.08
11.04
23.2
21.76
22.4
22.88
23.2
23.52
23.84
24.16
24.48
24.8
25.12
25.44
25.76
26.08
26.24
26.24
26.4
26.4
26.4
26.4
26.4
26.4
26.4
26.4
26.4
26.4
26.4
26.4
26.4
26.4
26.08
26.4
26.08
26.4
26.4
26.4
26.4
26.4
26.4
26.4
26.4
26.4
26.4
26.24
26.56
26.56
26.56
26.56
26.56
26.4
26.4
26.08
26.4
26.4
26.4
26.4
26.56
26.24
26.56
26.56
26.56
26.56
26.56
26.56
26.24
26.24
26.24
26.56
26.56
26.56
26.56
26.56
26.24
26.56
26.56
26.56
26.4
26.24
26.4
26.56
26.4
26.4
26.24
26.56
26.4
26.4
26.72
26.56
26.56
26.24
26.24
26.56
26.56
26.4
26.56
26.24
26.56
26.56
26.56
26.24
26.56
26.56
26.56
26.56
26.24
26.56
26.56
26.56
26.24
26.24
26.24
26.24
26.56
26.24
26.56
26.4
26.56
26.56
26.4
26.24
26.56
26.4
26.4
26.24
26.56
26.24
26.56
26.56
26.56
26.24
26.56
26.56
26.4
26.72
26.4
26.56
26.24
26.4
26.24
26.24
26.56
26.4
26.56
26.24
26.56
26.56
26.56
26.56
26.24
26.24
26.56
26.56
26.56
26.56
26.24
26.56
26.56
26.56
26.56
26.4
26.4
26.24
26.24
26.24
26.24
26.56
26.56
26.56
26.4
26.56
26.56
26.56
26.4
26.24
26.24
26.24
25.92
26.24
26.08
24.64
15.2
9.44
5.76
3.52
2.24
0
26.08
22.56
13.92
8.48
5.28
0
25.76
26.08
25.76
26.08
25.76
26.08
26.4
26.08
26.4
26.08
26.4
26.56
26.24
26.56
26.56
26.24
26.56
26.24
26.56
26.4
26.08
26.4
25.92
25.6
25.92
26.24
26.56
20.48
12.64
7.84
4.8
2.88
1.76
1.12
0.64
0.32
0
0
26.4
26.08
26.4
26.4
26.56
26.56
26.24
26.56
26.08
26.4
16.64
10.24
0
25.6
25.92
25.6
25.92
26.24
26.24
25.12
15.52
9.6
5.92
26.4
26.08
26.4
26.08
26.4
17.92
11.04
6.72
0
0
0
0
0
0
0
0
0
0
0
0
0
0
0
0
0
0
0
0
0
0
0
0
0
0
0
0
0
0
0
0
0
0
0
0
0
25.92
20
12.32
7.52
25.6
20.64
12.8
25.76
18.4
11.36
25.6
25.28
25.6
25.92
26.24
25.92
26.24
26.24
25.92
26.24
25.76
26.08
26.08
25.76
26.08
25.76
26.08
26.08
25.76
26.08
26.08
17.76
10.88
0
26.08
26.24
25.92
26.24
25.92
26.24
25.92
26.24
25.92
26.24
25.92
26.24
26.24
25.92
26.24
25.92
26.24
26.24
26.24
25.92
26.24
25.92
26.08
25.76
26.08
25.92
22.56
13.92
26.24
26.24
26.24
26.4
26.08
25.76
26.08
26.4
26.08
26.4
26.08
25.76
26.08
26.08
26.08
26.08
25.76
26.08
26.4
26.08
25.92
26.24
25.92
26.24
25.92
26.24
26.24
26.56
26.24
26.56
26.72
17.6
10.88
25.76
26.08
25.76
26.08
25.76
26.08
26.4
26.08
25.76
26.08
25.76
24.96
24.64
24.96
24.64
24.16
24.64
24.96
25.28
25.6
25.92
26.24
25.92
26.24
25.92
26.24
26.24
25.76
26.08
25.76
26.08
